%%%%%%%%%%% NORMAL%%%%%%%%%%%%
tabelaEstatisticas =

    1.0000    1.0000         0    1.0000
    2.0000    1.0000    1.0000    0.5000
    1.0000    1.0000         0    1.0000
    1.0000    1.0000         0    1.0000
    2.0000    2.0000         0    1.0000
    1.0000    2.0000    1.0000    0.5000
    2.0000    2.0000         0    1.0000
    2.0000    2.0000         0    1.0000
    3.0000    2.0000    1.0000    0.6667
    2.0000    1.0000    1.0000    0.5000
    1.0000    1.0000         0    1.0000


mediaErroAbsoluto =

    0.3636


mediaAcertoPercentual =

    0.8333


mediaVetorCalculado =

    1.6364


mediaGroundTruth =

    1.4545

%%%%%%%%%%% FASE%%%%%%%%%%%%
tabelaEstatisticas =

    1.0000    1.0000         0    1.0000
    3.0000    1.0000    2.0000    0.3333
    1.0000    1.0000         0    1.0000
    1.0000    1.0000         0    1.0000
    2.0000    2.0000         0    1.0000
    1.0000    2.0000    1.0000    0.5000
    2.0000    2.0000         0    1.0000
    2.0000    2.0000         0    1.0000
    3.0000    2.0000    1.0000    0.6667
    2.0000    1.0000    1.0000    0.5000
    1.0000    1.0000         0    1.0000


mediaErroAbsoluto =

    0.4545


mediaAcertoPercentual =

    0.8182


mediaVetorCalculado =

    1.7273


mediaGroundTruth =

    1.4545

%%%%%%%%%%% SEM FILTRO %%%%%%%%%%%%
tabelaEstatisticas =

    1.0000    1.0000         0    1.0000
    1.0000    1.0000         0    1.0000
    1.0000    1.0000         0    1.0000
    1.0000    1.0000         0    1.0000
    2.0000    2.0000         0    1.0000
    2.0000    2.0000         0    1.0000
    1.0000    2.0000    1.0000    0.5000
    1.0000    2.0000    1.0000    0.5000
    3.0000    2.0000    1.0000    0.6667
    1.0000    1.0000         0    1.0000
    1.0000    1.0000         0    1.0000


mediaErroAbsoluto =

    0.2727


mediaAcertoPercentual =

    0.8788


mediaVetorCalculado =

    1.3636


mediaGroundTruth =

    1.4545