%%%%%%%%%%% COM FILTRO %%%%%%%%

tabelaEstatisticas =

    3.0000    2.0000    1.0000    0.6667
    2.0000    2.0000         0    1.0000
    3.0000    3.0000         0    1.0000
    3.0000    3.0000         0    1.0000
    2.0000    3.0000    1.0000    0.6667
    2.0000    1.0000    1.0000    0.5000
    1.0000    1.0000         0    1.0000
    2.0000    1.0000    1.0000    0.5000
    3.0000    1.0000    2.0000    0.3333
    1.0000    1.0000         0    1.0000
    2.0000    1.0000    1.0000    0.5000
    1.0000    1.0000         0    1.0000
    1.0000    1.0000         0    1.0000
    1.0000    1.0000         0    1.0000
    2.0000    1.0000    1.0000    0.5000
    1.0000    1.0000         0    1.0000
    2.0000    1.0000    1.0000    0.5000
    2.0000    1.0000    1.0000    0.5000
         0         0         0    1.0000


mediaErroAbsoluto =

    0.5263


mediaAcertoPercentual =

    0.7719


mediaVetorCalculado =

    1.7895


mediaGroundTruth =

    1.3684
    
  %%%%%%%%%%%%%%% SEM FILTRO %%%%%%%%%%%%%%%
  
  tabelaEstatisticas =

    4.0000    2.0000    2.0000    0.5000
    2.0000    2.0000         0    1.0000
    4.0000    3.0000    1.0000    0.7500
    4.0000    3.0000    1.0000    0.7500
    4.0000    3.0000    1.0000    0.7500
    1.0000    1.0000         0    1.0000
    3.0000    1.0000    2.0000    0.3333
    3.0000    1.0000    2.0000    0.3333
    2.0000    1.0000    1.0000    0.5000
    4.0000    1.0000    3.0000    0.2500
    1.0000    1.0000         0    1.0000
    3.0000    1.0000    2.0000    0.3333
    2.0000    1.0000    1.0000    0.5000
    2.0000    1.0000    1.0000    0.5000
    3.0000    1.0000    2.0000    0.3333
    4.0000    1.0000    3.0000    0.2500
    1.0000    1.0000         0    1.0000
    4.0000    1.0000    3.0000    0.2500
         0         0         0    1.0000


mediaErroAbsoluto =

    1.3158


mediaAcertoPercentual =

    0.5965


mediaVetorCalculado =

    2.6842


mediaGroundTruth =

    1.3684