%%%%%%%%%%% NORMAL%%%%%%%%%%%%
tabelaEstatisticas =

         0         0         0    1.0000
         0         0         0    1.0000
         0         0         0    1.0000
         0         0         0    1.0000
         0         0         0    1.0000
         0         0         0    1.0000
         0         0         0    1.0000
         0         0         0    1.0000
         0         0         0    1.0000
         0         0         0    1.0000
    3.0000         0    3.0000         0
    2.0000    2.0000         0    1.0000
    2.0000    2.0000         0    1.0000
    2.0000    2.0000         0    1.0000
    3.0000    2.0000    1.0000    0.6667
    2.0000    2.0000         0    1.0000
    1.0000    1.0000         0    1.0000
    1.0000    1.0000         0    1.0000
         0         0         0    1.0000
         0         0         0    1.0000
         0         0         0    1.0000
         0         0         0    1.0000
         0         0         0    1.0000
         0         0         0    1.0000
         0         0         0    1.0000
         0         0         0    1.0000
         0         0         0    1.0000
         0         0         0    1.0000


mediaErroAbsoluto =

    0.1429


mediaAcertoPercentual =

    0.9524


mediaVetorCalculado =

    0.5714


mediaGroundTruth =

    0.4286

%%%%%%%%%%% SEM FILTRO %%%%%%%%%%%%
tabelaEstatisticas =

         0         0         0    1.0000
         0         0         0    1.0000
         0         0         0    1.0000
         0         0         0    1.0000
         0         0         0    1.0000
         0         0         0    1.0000
         0         0         0    1.0000
         0         0         0    1.0000
         0         0         0    1.0000
         0         0         0    1.0000
         0         0         0    1.0000
    4.0000    2.0000    2.0000    0.5000
    2.0000    2.0000         0    1.0000
    2.0000    2.0000         0    1.0000
    2.0000    2.0000         0    1.0000
    2.0000    2.0000         0    1.0000
    1.0000    1.0000         0    1.0000
    1.0000    1.0000         0    1.0000
         0         0         0    1.0000
         0         0         0    1.0000
         0         0         0    1.0000
         0         0         0    1.0000
         0         0         0    1.0000
         0         0         0    1.0000
         0         0         0    1.0000
         0         0         0    1.0000
         0         0         0    1.0000
         0         0         0    1.0000


mediaErroAbsoluto =

    0.0714


mediaAcertoPercentual =

    0.9821


mediaVetorCalculado =

    0.5000


mediaGroundTruth =

    0.4286