% 15 frames bons
% 9 acertos em 15
% bons exemplos de 3 pessoas
vectorDifferentObjects1x32 = [2 2 2 4 2 3 3 3 3 3 2 2 2 2 2];
groundTruthVideo1 =          [2 2 3 3 3 3 3 3 3 3 3 3 3 2 2];
vectorDifferentObjects1x16 = [2,3,2,3,2,3,4,4,3,3,2,4,2,2,4];
vectorDifferentObjects1x8  = [3,2,3,3,3,5,3,3,3,3,3,4,2,2,5];
c1 = [0.9658 0.9615 0.9471 0.9314 0.9584 0.9534 0.9519 0.9385 0.9196 0.9299 0.8982 0.9657 0.9803 0.9864 0.9985];
c2 = [0.9909 0.9969 0.9944 0.9870 0.9663 0.9943 0.9965 0.9625 0.9682 0.9872 0.9998 0.9990 0.9816 0.9974 0.9985];

% 11 frames bons
vectorDifferentObjects4 = [1,2,1,1,2,1,2,2,3,2,1];
groundTruthVideo4 =       [1 1 1 1 2 2 2 2 2 1 1];

% 15 frames bons
vectorDifferentObjects7 = [0,0,2,0,0,3,3,0,0,0,3,2,2,2,3,2,1,1,3,1,3,3,0,3,2,0,3,4];
groundTruthVideo7 =       [0,0,0,0,0,0,0,0,0,0,0,2,2,2,2,2,1,1,0,0,0,0,0,0,0,0,0,0];

% 18 frames bons
vectorDifferentObjects9 = [3,1,2,1,2,2,3,5,2,2,  3,4,3,4,4,3,3,0,0, 0,0,3,3,2,1,2,2,3, 4,4,3,3,2,4,4,4,3, 2,2,2,3,3,3,3,3,3, 4,3,3,4,3,3, 3,4,3,3,2,3,2,2,1,3,3,4,3,6];
groundTruthVideo9 =       [3,3,3,2,1,1,2,2,2,2,  3,3,1,1,1,1,1,0,0, 0,0,1,1,1,1,1,1,1, 2,4,4,4,4,4,4,4,4, 4,4,4,4,4,4,4,4,4, 5,4,4,4,4,4, 3,4,2,2,2,2,2,2,1,1,1,1,1,1];

% 20 frames bons
% tem exemplos bons de 2 e 4 pessoas
vectorDifferentObjects17 = [0,0,0,0,3,0,0,0,2,3,2,2,1,0,0,0,0,0,0,2,4,1,1,1,2,1,2,2,2,2,3,3,2,1,1,2,2,3,2,5,2,3,2,2,2,1,2,3,1,3,3,4,3,4,4,4,3,3,3,3,3,5,3,3,3,5,1,3,2,1,1,3,3,3,2,3,3,3,4,2,4,4,3,2,3,4,3,3,3,3,3,2,3,3];
groundTruthVideo17       = [0,0,0,0,0,0,0,1,1,1,1,1,0,0,0,0,0,0,1,1,1,1,1,1,1,1,1,1,1,1,1,1,1,1,1,1,1,2,2,2,2,2,2,2,2,2,2,2,2,2,2,2,4,4,4,4,3,3,3,3,3,3,2,2,2,2,2,2,2,2,2,2,3,3,4,3,3,3,3,3,3,3,2,2,2,3,2,3,3,3,3,3,2,1];

