resultadosEstatisticas

tabelaEstatisticas =

         0         0         0    1.0000
         0         0         0    1.0000
         0         0         0    1.0000
         0         0         0    1.0000
         0         0         0    1.0000
         0         0         0    1.0000
         0         0         0    1.0000
         0         0         0    1.0000
    2.0000    1.0000    1.0000    0.5000
    3.0000    1.0000    2.0000    0.3333
    2.0000    1.0000    1.0000    0.5000
    3.0000    1.0000    2.0000    0.3333
    2.0000    1.0000    1.0000    0.5000
         0         0         0    1.0000
         0         0         0    1.0000
         0         0         0    1.0000
         0         0         0    1.0000
         0         0         0    1.0000
         0         0         0    1.0000
    2.0000    1.0000    1.0000    0.5000
    4.0000    1.0000    3.0000    0.2500
    1.0000    1.0000         0    1.0000
    1.0000    1.0000         0    1.0000
    1.0000    1.0000         0    1.0000
    2.0000    1.0000    1.0000    0.5000
    1.0000    1.0000         0    1.0000
    2.0000    1.0000    1.0000    0.5000
    2.0000    1.0000    1.0000    0.5000
    2.0000    1.0000    1.0000    0.5000
    2.0000    1.0000    1.0000    0.5000
    2.0000    1.0000    1.0000    0.5000
    3.0000    1.0000    2.0000    0.3333
    2.0000    1.0000    1.0000    0.5000
    1.0000    1.0000         0    1.0000
    2.0000    1.0000    1.0000    0.5000
    3.0000    1.0000    2.0000    0.3333
    2.0000    1.0000    1.0000    0.5000
    2.0000    1.0000    1.0000    0.5000
    4.0000    1.0000    3.0000    0.2500
         0         0         0    1.0000
    1.0000    1.0000         0    1.0000
         0    1.0000    1.0000         0
    2.0000    2.0000         0    1.0000
    1.0000    2.0000    1.0000    0.5000
    1.0000    2.0000    1.0000    0.5000
    1.0000    2.0000    1.0000    0.5000
    2.0000    2.0000         0    1.0000
    2.0000    2.0000         0    1.0000
    2.0000    2.0000         0    1.0000
    2.0000    2.0000         0    1.0000
    3.0000    2.0000    1.0000    0.6667
    4.0000    2.0000    2.0000    0.5000
    3.0000    3.0000         0    1.0000
    4.0000    4.0000         0    1.0000
    2.0000    4.0000    2.0000    0.5000
    4.0000    4.0000         0    1.0000
    4.0000    4.0000         0    1.0000
    4.0000    4.0000         0    1.0000
    3.0000    3.0000         0    1.0000
    3.0000    3.0000         0    1.0000
    3.0000    3.0000         0    1.0000
    5.0000    3.0000    2.0000    0.6000
    4.0000    3.0000    1.0000    0.7500
    3.0000    2.0000    1.0000    0.6667
    2.0000    2.0000         0    1.0000
    2.0000    2.0000         0    1.0000
    1.0000    2.0000    1.0000    0.5000
    2.0000    2.0000         0    1.0000
    2.0000    2.0000         0    1.0000
    1.0000    2.0000    1.0000    0.5000
    1.0000    2.0000    1.0000    0.5000
    3.0000    2.0000    1.0000    0.6667
    2.0000    2.0000         0    1.0000
    3.0000    3.0000         0    1.0000
    3.0000    3.0000         0    1.0000
    4.0000    4.0000         0    1.0000
    3.0000    4.0000    1.0000    0.7500
    2.0000    3.0000    1.0000    0.6667
    4.0000    3.0000    1.0000    0.7500
    3.0000    3.0000         0    1.0000
    5.0000    3.0000    2.0000    0.6000
    3.0000    3.0000         0    1.0000
    3.0000    3.0000         0    1.0000
    2.0000    2.0000         0    1.0000
    3.0000    2.0000    1.0000    0.6667
    3.0000    2.0000    1.0000    0.6667
    2.0000    3.0000    1.0000    0.6667
    4.0000    3.0000    1.0000    0.7500
    3.0000    3.0000         0    1.0000
    3.0000    3.0000         0    1.0000
    3.0000    3.0000         0    1.0000
    3.0000    3.0000         0    1.0000
    3.0000    3.0000         0    1.0000
    3.0000    3.0000         0    1.0000


mediaErroAbsoluto =

    0.5745


mediaAcertoPercentual =

    0.7840


mediaVetorCalculado =

    2.0957


mediaGroundTruth =

    1.7766


tabelaEstatisticas =

         0         0         0    1.0000
         0         0         0    1.0000
         0         0         0    1.0000
         0         0         0    1.0000
         0         0         0    1.0000
         0         0         0    1.0000
         0         0         0    1.0000
         0         0         0    1.0000
    4.0000    1.0000    3.0000    0.2500
    3.0000    1.0000    2.0000    0.3333
    2.0000    1.0000    1.0000    0.5000
    2.0000    1.0000    1.0000    0.5000
    1.0000    1.0000         0    1.0000
         0         0         0    1.0000
         0         0         0    1.0000
         0         0         0    1.0000
         0         0         0    1.0000
         0         0         0    1.0000
         0         0         0    1.0000
    2.0000    1.0000    1.0000    0.5000
    3.0000    1.0000    2.0000    0.3333
    2.0000    1.0000    1.0000    0.5000
    3.0000    1.0000    2.0000    0.3333
    2.0000    1.0000    1.0000    0.5000
    1.0000    1.0000         0    1.0000
    1.0000    1.0000         0    1.0000
    2.0000    1.0000    1.0000    0.5000
    1.0000    1.0000         0    1.0000
    2.0000    1.0000    1.0000    0.5000
    2.0000    1.0000    1.0000    0.5000
    1.0000    1.0000         0    1.0000
    2.0000    1.0000    1.0000    0.5000
    1.0000    1.0000         0    1.0000
    2.0000    1.0000    1.0000    0.5000
    1.0000    1.0000         0    1.0000
    1.0000    1.0000         0    1.0000
    1.0000    1.0000         0    1.0000
    1.0000    1.0000         0    1.0000
    3.0000    1.0000    2.0000    0.3333
         0         0         0    1.0000
    1.0000    1.0000         0    1.0000
         0    1.0000    1.0000         0
    2.0000    2.0000         0    1.0000
    2.0000    2.0000         0    1.0000
    1.0000    2.0000    1.0000    0.5000
    1.0000    2.0000    1.0000    0.5000
    4.0000    2.0000    2.0000    0.5000
    2.0000    2.0000         0    1.0000
    3.0000    2.0000    1.0000    0.6667
    2.0000    2.0000         0    1.0000
    2.0000    2.0000         0    1.0000
    2.0000    2.0000         0    1.0000
    2.0000    3.0000    1.0000    0.6667
    2.0000    4.0000    2.0000    0.5000
    6.0000    4.0000    2.0000    0.6667
    4.0000    4.0000         0    1.0000
    3.0000    4.0000    1.0000    0.7500
    2.0000    4.0000    2.0000    0.5000
    4.0000    3.0000    1.0000    0.7500
    2.0000    3.0000    1.0000    0.6667
    4.0000    3.0000    1.0000    0.7500
    4.0000    3.0000    1.0000    0.7500
    3.0000    3.0000         0    1.0000
    2.0000    2.0000         0    1.0000
         0    2.0000    2.0000         0
    1.0000    2.0000    1.0000    0.5000
    2.0000    2.0000         0    1.0000
    1.0000    2.0000    1.0000    0.5000
    2.0000    2.0000         0    1.0000
    3.0000    2.0000    1.0000    0.6667
    2.0000    2.0000         0    1.0000
    3.0000    2.0000    1.0000    0.6667
    2.0000    2.0000         0    1.0000
    2.0000    3.0000    1.0000    0.6667
    3.0000    3.0000         0    1.0000
    1.0000    4.0000    3.0000    0.2500
    3.0000    4.0000    1.0000    0.7500
    1.0000    3.0000    2.0000    0.3333
    3.0000    3.0000         0    1.0000
    3.0000    3.0000         0    1.0000
    3.0000    3.0000         0    1.0000
    3.0000    3.0000         0    1.0000
    3.0000    3.0000         0    1.0000
    1.0000    2.0000    1.0000    0.5000
    3.0000    2.0000    1.0000    0.6667
    2.0000    2.0000         0    1.0000
    2.0000    3.0000    1.0000    0.6667
    3.0000    3.0000         0    1.0000
    3.0000    3.0000         0    1.0000
    1.0000    3.0000    2.0000    0.3333
    2.0000    3.0000    1.0000    0.6667
    5.0000    3.0000    2.0000    0.6000
    3.0000    3.0000         0    1.0000
    1.0000    3.0000    2.0000    0.3333


mediaErroAbsoluto =

    0.6596


mediaAcertoPercentual =

    0.7644


