%%%%%%%%%%%%%%%%%%%%%%% VIDEO 7 NO FILTER %%%%%%%%%%%%%%%%%%%%%%%%%%%%

mediaVetorCalculado =

    0.5000


mediaGroundTruth =

    0.4286


mediaErroAbsoluto =

    0.0714


mediaAcuracia =

    0.9821


tabelaEstatisticas =

         0         0         0    1.0000
         0         0         0    1.0000
         0         0         0    1.0000
         0         0         0    1.0000
         0         0         0    1.0000
         0         0         0    1.0000
         0         0         0    1.0000
         0         0         0    1.0000
         0         0         0    1.0000
         0         0         0    1.0000
         0         0         0    1.0000
    4.0000    2.0000    2.0000    0.5000
    2.0000    2.0000         0    1.0000
    2.0000    2.0000         0    1.0000
    2.0000    2.0000         0    1.0000
    2.0000    2.0000         0    1.0000
    1.0000    1.0000         0    1.0000
    1.0000    1.0000         0    1.0000
         0         0         0    1.0000
         0         0         0    1.0000
         0         0         0    1.0000
         0         0         0    1.0000
         0         0         0    1.0000
         0         0         0    1.0000
         0         0         0    1.0000
         0         0         0    1.0000
         0         0         0    1.0000
         0         0         0    1.0000

%%%%%%%%%%%%%%%%%%%%%%% VIDEO 7 WITH FILTER %%%%%%%%%%%%%%%%%%%%%%%%%%%%

mediaVetorCalculado =

    0.5714


mediaGroundTruth =

    0.4286


mediaErroAbsoluto =

    0.1429


mediaAcuracia =

    0.9524


tabelaEstatisticas =

         0         0         0    1.0000
         0         0         0    1.0000
         0         0         0    1.0000
         0         0         0    1.0000
         0         0         0    1.0000
         0         0         0    1.0000
         0         0         0    1.0000
         0         0         0    1.0000
         0         0         0    1.0000
         0         0         0    1.0000
    3.0000         0    3.0000         0
    2.0000    2.0000         0    1.0000
    2.0000    2.0000         0    1.0000
    2.0000    2.0000         0    1.0000
    3.0000    2.0000    1.0000    0.6667
    2.0000    2.0000         0    1.0000
    1.0000    1.0000         0    1.0000
    1.0000    1.0000         0    1.0000
         0         0         0    1.0000
         0         0         0    1.0000
         0         0         0    1.0000
         0         0         0    1.0000
         0         0         0    1.0000
         0         0         0    1.0000
         0         0         0    1.0000
         0         0         0    1.0000
         0         0         0    1.0000
         0         0         0    1.0000
