%%%%%%%%%%% NORMAL%%%%%%%%%%%%
tabelaEstatisticas =

    3.0000    3.0000         0    1.0000
    1.0000    3.0000    2.0000    0.3333
    2.0000    3.0000    1.0000    0.6667
    1.0000    2.0000    1.0000    0.5000
    2.0000    1.0000    1.0000    0.5000
    2.0000    1.0000    1.0000    0.5000
    3.0000    2.0000    1.0000    0.6667
    5.0000    2.0000    3.0000    0.4000
    3.0000    2.0000    1.0000    0.6667
    2.0000    2.0000         0    1.0000
    3.0000    3.0000         0    1.0000
    4.0000    3.0000    1.0000    0.7500
    3.0000    1.0000    2.0000    0.3333
    4.0000    1.0000    3.0000    0.2500
    4.0000    1.0000    3.0000    0.2500
    3.0000    1.0000    2.0000    0.3333
    3.0000    1.0000    2.0000    0.3333
         0         0         0    1.0000
         0         0         0    1.0000
         0         0         0    1.0000
         0         0         0    1.0000
    3.0000    1.0000    2.0000    0.3333
    3.0000    1.0000    2.0000    0.3333
    2.0000    1.0000    1.0000    0.5000
    1.0000    1.0000         0    1.0000
    2.0000    1.0000    1.0000    0.5000
    2.0000    1.0000    1.0000    0.5000
    3.0000    1.0000    2.0000    0.3333
    4.0000    2.0000    2.0000    0.5000
    4.0000    4.0000         0    1.0000
    3.0000    4.0000    1.0000    0.7500
    3.0000    4.0000    1.0000    0.7500
    2.0000    4.0000    2.0000    0.5000
    4.0000    4.0000         0    1.0000
    4.0000    4.0000         0    1.0000
    4.0000    4.0000         0    1.0000
    3.0000    4.0000    1.0000    0.7500
    2.0000    4.0000    2.0000    0.5000
    2.0000    4.0000    2.0000    0.5000
    2.0000    4.0000    2.0000    0.5000
    3.0000    4.0000    1.0000    0.7500
    3.0000    4.0000    1.0000    0.7500
    3.0000    4.0000    1.0000    0.7500
    3.0000    4.0000    1.0000    0.7500
    3.0000    4.0000    1.0000    0.7500
    3.0000    4.0000    1.0000    0.7500
    4.0000    5.0000    1.0000    0.8000
    3.0000    4.0000    1.0000    0.7500
    3.0000    4.0000    1.0000    0.7500
    4.0000    4.0000         0    1.0000
    3.0000    4.0000    1.0000    0.7500
    3.0000    4.0000    1.0000    0.7500
    3.0000    3.0000         0    1.0000
    4.0000    4.0000         0    1.0000
    3.0000    2.0000    1.0000    0.6667
    3.0000    2.0000    1.0000    0.6667
    2.0000    2.0000         0    1.0000
    3.0000    2.0000    1.0000    0.6667
    2.0000    2.0000         0    1.0000
    2.0000    2.0000         0    1.0000
    1.0000    1.0000         0    1.0000
    3.0000    1.0000    2.0000    0.3333
    3.0000    1.0000    2.0000    0.3333
    4.0000    1.0000    3.0000    0.2500
    3.0000    1.0000    2.0000    0.3333
    6.0000    1.0000    5.0000    0.1667


mediaErroAbsoluto =

    1.1212


mediaAcertoPercentual =

    0.6735


mediaVetorCalculado =

    2.7424


mediaGroundTruth =

    2.4091

%%%%%%%%%%% sem filtro %%%%%%%%%%%%
tabelaEstatisticas =

    4.0000    3.0000    1.0000    0.7500
    4.0000    3.0000    1.0000    0.7500
    3.0000    3.0000         0    1.0000
    3.0000    2.0000    1.0000    0.6667
    2.0000    1.0000    1.0000    0.5000
    1.0000    1.0000         0    1.0000
    1.0000    2.0000    1.0000    0.5000
    4.0000    2.0000    2.0000    0.5000
    2.0000    2.0000         0    1.0000
    4.0000    2.0000    2.0000    0.5000
    3.0000    3.0000         0    1.0000
    2.0000    3.0000    1.0000    0.6667
    2.0000    1.0000    1.0000    0.5000
    2.0000    1.0000    1.0000    0.5000
    3.0000    1.0000    2.0000    0.3333
    4.0000    1.0000    3.0000    0.2500
    2.0000    1.0000    1.0000    0.5000
         0         0         0    1.0000
         0         0         0    1.0000
         0         0         0    1.0000
         0         0         0    1.0000
    2.0000    1.0000    1.0000    0.5000
    4.0000    1.0000    3.0000    0.2500
    2.0000    1.0000    1.0000    0.5000
    3.0000    1.0000    2.0000    0.3333
    1.0000    1.0000         0    1.0000
    3.0000    1.0000    2.0000    0.3333
    2.0000    1.0000    1.0000    0.5000
    3.0000    2.0000    1.0000    0.6667
    3.0000    4.0000    1.0000    0.7500
    4.0000    4.0000         0    1.0000
    1.0000    4.0000    3.0000    0.2500
    3.0000    4.0000    1.0000    0.7500
    2.0000    4.0000    2.0000    0.5000
    2.0000    4.0000    2.0000    0.5000
    3.0000    4.0000    1.0000    0.7500
    4.0000    4.0000         0    1.0000
    3.0000    4.0000    1.0000    0.7500
    1.0000    4.0000    3.0000    0.2500
    4.0000    4.0000         0    1.0000
    4.0000    4.0000         0    1.0000
    4.0000    4.0000         0    1.0000
    4.0000    4.0000         0    1.0000
    4.0000    4.0000         0    1.0000
    4.0000    4.0000         0    1.0000
    5.0000    4.0000    1.0000    0.8000
    5.0000    5.0000         0    1.0000
    4.0000    4.0000         0    1.0000
    5.0000    4.0000    1.0000    0.8000
    6.0000    4.0000    2.0000    0.6667
    6.0000    4.0000    2.0000    0.6667
    3.0000    4.0000    1.0000    0.7500
    3.0000    3.0000         0    1.0000
    2.0000    4.0000    2.0000    0.5000
    4.0000    2.0000    2.0000    0.5000
    2.0000    2.0000         0    1.0000
    3.0000    2.0000    1.0000    0.6667
    3.0000    2.0000    1.0000    0.6667
    2.0000    2.0000         0    1.0000
    4.0000    2.0000    2.0000    0.5000
    1.0000    1.0000         0    1.0000
    3.0000    1.0000    2.0000    0.3333
    2.0000    1.0000    1.0000    0.5000
    4.0000    1.0000    3.0000    0.2500
    2.0000    1.0000    1.0000    0.5000
    4.0000    1.0000    3.0000    0.2500


mediaErroAbsoluto =

    1.0303


mediaAcertoPercentual =

    0.6947


mediaVetorCalculado =

    2.8636


mediaGroundTruth =

    2.4091