%%%%%%%%%%%%%%%%%%%%%%% VIDEO 20 NO FILTER %%%%%%%%%%%%%%%%%%%%%%%%%%%%

mediaVetorCalculado =

    2.3684


mediaGroundTruth =

    3.0526


mediaErroAbsoluto =

    0.8947


mediaAcuracia =

    0.7193


tabelaEstatisticas =

    1.0000    2.0000    1.0000    0.5000
    3.0000    2.0000    1.0000    0.6667
    1.0000    2.0000    1.0000    0.5000
    2.0000    2.0000         0    1.0000
    3.0000    2.0000    1.0000    0.6667
    2.0000    2.0000         0    1.0000
    2.0000    2.0000         0    1.0000
    2.0000    3.0000    1.0000    0.6667
    1.0000    3.0000    2.0000    0.3333
    1.0000    3.0000    2.0000    0.3333
    4.0000    4.0000         0    1.0000
    4.0000    4.0000         0    1.0000
    2.0000    4.0000    2.0000    0.5000
    3.0000    3.0000         0    1.0000
    3.0000    4.0000    1.0000    0.7500
    3.0000    4.0000    1.0000    0.7500
    3.0000    4.0000    1.0000    0.7500
    4.0000    4.0000         0    1.0000
    1.0000    4.0000    3.0000    0.2500

%%%%%%%%%%%%%%%%%%%%%%% VIDEO 20 WITH FILTER %%%%%%%%%%%%%%%%%%%%%%%%%%%%

mediaVetorCalculado =

     2


mediaGroundTruth =

    3.0526


mediaErroAbsoluto =

    1.1579


mediaAcuracia =

    0.6535


tabelaEstatisticas =

    1.0000    2.0000    1.0000    0.5000
    1.0000    2.0000    1.0000    0.5000
    2.0000    2.0000         0    1.0000
    2.0000    2.0000         0    1.0000
    2.0000    2.0000         0    1.0000
    1.0000    2.0000    1.0000    0.5000
    3.0000    2.0000    1.0000    0.6667
    2.0000    3.0000    1.0000    0.6667
    2.0000    3.0000    1.0000    0.6667
    3.0000    3.0000         0    1.0000
    3.0000    4.0000    1.0000    0.7500
    2.0000    4.0000    2.0000    0.5000
    2.0000    4.0000    2.0000    0.5000
    2.0000    3.0000    1.0000    0.6667
    2.0000    4.0000    2.0000    0.5000
    1.0000    4.0000    3.0000    0.2500
    2.0000    4.0000    2.0000    0.5000
    3.0000    4.0000    1.0000    0.7500
    2.0000    4.0000    2.0000    0.5000