%%%%%%%%%%%%%%%%%%%%%%% VIDEO 1 NO FILTER %%%%%%%%%%%%%%%%%%%%%%%%%%%%

mediaVetorCalculado =

    2.9333


mediaGroundTruth =

    2.7333


mediaErroAbsoluto =

     1


mediaAcuracia =

    0.6900


tabelaEstatisticas =

    3.0000    2.0000    1.0000    0.6667
    3.0000    2.0000    1.0000    0.6667
    3.0000    3.0000         0    1.0000
    3.0000    3.0000         0    1.0000
    1.0000    3.0000    2.0000    0.3333
    4.0000    3.0000    1.0000    0.7500
    4.0000    3.0000    1.0000    0.7500
    4.0000    3.0000    1.0000    0.7500
    4.0000    3.0000    1.0000    0.7500
    3.0000    3.0000         0    1.0000
    5.0000    3.0000    2.0000    0.6000
    4.0000    3.0000    1.0000    0.7500
    1.0000    3.0000    2.0000    0.3333
    1.0000    2.0000    1.0000    0.5000
    1.0000    2.0000    1.0000    0.5000

%%%%%%%%%%%%%%%%%%%%%%% VIDEO 1 WITH FILTER %%%%%%%%%%%%%%%%%%%%%%%%%%%%

mediaVetorCalculado =

    2.0667


mediaGroundTruth =

    2.7333


mediaErroAbsoluto =

    0.6667


mediaAcuracia =

    0.7778


tabelaEstatisticas =

    2.0000    2.0000         0    1.0000
    2.0000    2.0000         0    1.0000
    2.0000    3.0000    1.0000    0.6667
    3.0000    3.0000         0    1.0000
    2.0000    3.0000    1.0000    0.6667
    2.0000    3.0000    1.0000    0.6667
    2.0000    3.0000    1.0000    0.6667
    2.0000    3.0000    1.0000    0.6667
    2.0000    3.0000    1.0000    0.6667
    2.0000    3.0000    1.0000    0.6667
    2.0000    3.0000    1.0000    0.6667
    2.0000    3.0000    1.0000    0.6667
    2.0000    3.0000    1.0000    0.6667
    2.0000    2.0000         0    1.0000
    2.0000    2.0000         0    1.0000
