%%%%%%%%%%%%%%%%%%%%%%% VIDEO 4 NO FILTER %%%%%%%%%%%%%%%%%%%%%%%%%%%%

mediaVetorCalculado =

    1.3636


mediaGroundTruth =

    1.4545


mediaErroAbsoluto =

    0.2727


mediaAcuracia =

    0.8788


tabelaEstatisticas =

    1.0000    1.0000         0    1.0000
    1.0000    1.0000         0    1.0000
    1.0000    1.0000         0    1.0000
    1.0000    1.0000         0    1.0000
    2.0000    2.0000         0    1.0000
    2.0000    2.0000         0    1.0000
    1.0000    2.0000    1.0000    0.5000
    1.0000    2.0000    1.0000    0.5000
    3.0000    2.0000    1.0000    0.6667
    1.0000    1.0000         0    1.0000
    1.0000    1.0000         0    1.0000

%%%%%%%%%%%%%%%%%%%%%%% VIDEO 4 WITH FILTER %%%%%%%%%%%%%%%%%%%%%%%%%%%%

mediaVetorCalculado =

    1.7273


mediaGroundTruth =

    1.4545


mediaErroAbsoluto =

    0.4545


mediaAcuracia =

    0.8182


tabelaEstatisticas =

    1.0000    1.0000         0    1.0000
    3.0000    1.0000    2.0000    0.3333
    1.0000    1.0000         0    1.0000
    1.0000    1.0000         0    1.0000
    2.0000    2.0000         0    1.0000
    1.0000    2.0000    1.0000    0.5000
    2.0000    2.0000         0    1.0000
    2.0000    2.0000         0    1.0000
    3.0000    2.0000    1.0000    0.6667
    2.0000    1.0000    1.0000    0.5000
    1.0000    1.0000         0    1.0000