%%%%%%%%%%% NORMAL%%%%%%%%%%%%
tabelaEstatisticas =

    2.0000    2.0000         0    1.0000
    2.0000    2.0000         0    1.0000
    2.0000    3.0000    1.0000    0.6667
    4.0000    3.0000    1.0000    0.7500
    2.0000    3.0000    1.0000    0.6667
    3.0000    3.0000         0    1.0000
    3.0000    3.0000         0    1.0000
    3.0000    3.0000         0    1.0000
    3.0000    3.0000         0    1.0000
    3.0000    3.0000         0    1.0000
    2.0000    3.0000    1.0000    0.6667
    2.0000    3.0000    1.0000    0.6667
    2.0000    3.0000    1.0000    0.6667
    2.0000    2.0000         0    1.0000
    2.0000    2.0000         0    1.0000


mediaErroAbsoluto = 0.4000;
mediaAcertoPercentual =  0.8722;
mediaVetorCalculado =   2.4667;
mediaGroundTruth =    2.7333;

%%%%%%%%%%% MUDANDO A FASE %%%%%%%%%%%%

tabelaEstatisticas =

    2.0000    2.0000         0    1.0000
    2.0000    2.0000         0    1.0000
    2.0000    3.0000    1.0000    0.6667
    3.0000    3.0000         0    1.0000
    2.0000    3.0000    1.0000    0.6667
    2.0000    3.0000    1.0000    0.6667
    2.0000    3.0000    1.0000    0.6667
    2.0000    3.0000    1.0000    0.6667
    2.0000    3.0000    1.0000    0.6667
    2.0000    3.0000    1.0000    0.6667
    2.0000    3.0000    1.0000    0.6667
    2.0000    3.0000    1.0000    0.6667
    2.0000    3.0000    1.0000    0.6667
    2.0000    2.0000         0    1.0000
    2.0000    2.0000         0    1.0000


mediaErroAbsoluto =

    0.6667


mediaAcertoPercentual =

    0.7778


mediaVetorCalculado =

    2.0667


mediaGroundTruth =

    2.7333
    
    
    
    %%%%%%%%%%% SEM FILTRO %%%%%%%%%%%%
    

tabelaEstatisticas =
    [3.0000    2.0000    1.0000    0.6667
    3.0000    2.0000    1.0000    0.6667
    3.0000    3.0000         0    1.0000
    3.0000    3.0000         0    1.0000
    1.0000    3.0000    2.0000    0.3333
    4.0000    3.0000    1.0000    0.7500
    4.0000    3.0000    1.0000    0.7500
    4.0000    3.0000    1.0000    0.7500
    4.0000    3.0000    1.0000    0.7500
    3.0000    3.0000         0    1.0000
    5.0000    3.0000    2.0000    0.6000
    4.0000    3.0000    1.0000    0.7500
    1.0000    3.0000    2.0000    0.3333
    1.0000    2.0000    1.0000    0.5000
    1.0000    2.0000    1.0000    0.5000];
 mediaErroAbsoluto =  1;


mediaAcertoPercentual =  0.6900;


mediaVetorCalculado =  2.9333;


mediaGroundTruth =   2.7333;